[gd_scene load_steps=5 format=2]

[ext_resource path="res://assets/Candy2.glb" type="PackedScene" id=1]
[ext_resource path="res://assets/Candy1.glb" type="PackedScene" id=2]
[ext_resource path="res://assets/Candy3.glb" type="PackedScene" id=3]

[sub_resource type="BoxShape" id=1]

[node name="Candy_var2_0" type="StaticBody"]
collision_layer = 2
collision_mask = 2

[node name="CollisionShape" type="CollisionShape" parent="."]
transform = Transform( 1, 0, 0, 0, 0.2, 0, 0, 0, 1, 0, 0.2, 0 )
shape = SubResource( 1 )

[node name="Candy1" parent="." instance=ExtResource( 2 )]
transform = Transform( 1, 0, 0, 0, 1, 0, 0, 0, 1, -0.489489, 0, -0.614064 )

[node name="Candy2" parent="." instance=ExtResource( 1 )]
transform = Transform( 0.834723, -0.55067, 2.40706e-08, 0, -4.37114e-08, -1, 0.55067, 0.834723, -3.64869e-08, 0.0934731, 5.96046e-08, 0.268696 )

[node name="Candy3" parent="." instance=ExtResource( 3 )]
transform = Transform( -0.465259, 0, 0.885174, 0, 1, 0, -0.885174, 0, -0.465259, -0.493564, 0.000921011, -0.0200275 )

[node name="Candy4" parent="." instance=ExtResource( 2 )]
transform = Transform( 0.567944, 0, 0.823067, 0, 1, 0, -0.823067, 0, 0.567944, -0.351879, 5.96046e-08, 0.416712 )

[node name="Candy5" parent="." instance=ExtResource( 3 )]
transform = Transform( -0.819232, 0, 0.573462, 0, 1, 0, -0.573462, 0, -0.819232, 0.328879, 0.000718772, 0.637671 )

[node name="Candy6" parent="." instance=ExtResource( 2 )]
transform = Transform( 0.285304, 0, 0.958437, 0, 1, 0, -0.958437, 0, 0.285304, 0.474029, 0.00941008, 0.398005 )

[node name="Candy7" parent="." instance=ExtResource( 3 )]
transform = Transform( 0.244681, 0, -0.969604, 0, 1, 0, 0.969604, 0, 0.244681, 0.185879, 5.96046e-08, -0.0505324 )

[node name="Candy8" parent="." instance=ExtResource( 2 )]
transform = Transform( -0.607334, 0, 0.794446, 0, 1, 0, -0.794446, 0, -0.607334, -0.0621397, 5.96046e-08, -0.515868 )

[node name="Candy9" parent="." instance=ExtResource( 3 )]
transform = Transform( -0.429061, 0, 0.903275, 0, 1, 0, -0.903275, 0, -0.429061, 0.570244, 5.96046e-08, -0.352408 )
