[gd_scene load_steps=5 format=2]

[ext_resource path="res://assets/Candy2.glb" type="PackedScene" id=1]
[ext_resource path="res://assets/Candy1.glb" type="PackedScene" id=2]
[ext_resource path="res://assets/Candy3.glb" type="PackedScene" id=3]

[sub_resource type="BoxShape" id=1]

[node name="Candy_var1_0" type="StaticBody"]
collision_layer = 2
collision_mask = 2

[node name="CollisionShape" type="CollisionShape" parent="."]
transform = Transform( 1, 0, 0, 0, 0.2, 0, 0, 0, 1, 0, 0.2, 0 )
shape = SubResource( 1 )

[node name="Candy1" parent="." instance=ExtResource( 2 )]
transform = Transform( 1, 0, 0, 0, 1, 0, 0, 0, 1, -0.489489, 0, -0.614064 )

[node name="Candy2" parent="." instance=ExtResource( 1 )]
transform = Transform( 0.834723, -0.55067, 2.40706e-08, 0, -4.37114e-08, -1, 0.55067, 0.834723, -3.64869e-08, -0.520979, 5.96046e-08, -0.174007 )

[node name="Candy3" parent="." instance=ExtResource( 3 )]
transform = Transform( 0.666311, 0, 0.745674, 0, 1, 0, -0.745674, 0, 0.666311, -0.0612133, 0, -0.0561819 )

[node name="Candy4" parent="." instance=ExtResource( 2 )]
transform = Transform( 0.567944, 0, 0.823067, 0, 1, 0, -0.823067, 0, 0.567944, -0.351879, 5.96046e-08, 0.416712 )

[node name="Candy5" parent="." instance=ExtResource( 3 )]
transform = Transform( -0.235312, 0, 0.97192, 0, 1, 0, -0.97192, 0, -0.235312, 0.350533, 5.96046e-08, 0.381058 )

[node name="Candy6" parent="." instance=ExtResource( 2 )]
transform = Transform( -0.959462, 0, 0.281839, 0, 1, 0, -0.281839, 0, -0.959462, 0.736948, 5.96046e-08, 0.489107 )

[node name="Candy7" parent="." instance=ExtResource( 3 )]
transform = Transform( -0.84946, 0, -0.527653, 0, 1, 0, 0.527653, 0, -0.84946, 0.483267, 5.96046e-08, -0.166864 )

[node name="Candy8" parent="." instance=ExtResource( 2 )]
transform = Transform( -0.607334, 0, 0.794446, 0, 1, 0, -0.794446, 0, -0.607334, 0.193844, 5.96046e-08, 0.0407926 )

[node name="Candy9" parent="." instance=ExtResource( 3 )]
transform = Transform( -0.997071, 0, 0.0764754, 0, 1, 0, -0.0764754, 0, -0.997071, 0.376945, 5.96046e-08, -0.63827 )
