[gd_scene load_steps=7 format=2]

[ext_resource path="res://assets/Can1.glb" type="PackedScene" id=1]
[ext_resource path="res://assets/Can2.glb" type="PackedScene" id=2]
[ext_resource path="res://assets/Jar of Eyes.glb" type="PackedScene" id=3]
[ext_resource path="res://assets/Manacle Closed.glb" type="PackedScene" id=4]
[ext_resource path="res://assets/Spike Trap.glb" type="PackedScene" id=5]

[sub_resource type="BoxShape" id=1]

[node name="Waste_var1_0" type="StaticBody"]
collision_layer = 2
collision_mask = 2

[node name="CollisionShape" type="CollisionShape" parent="."]
transform = Transform( 1, 0, 0, 0, 0.2, 0, 0, 0, 1, 0, 0.2, 0 )
shape = SubResource( 1 )

[node name="Can1" parent="." instance=ExtResource( 1 )]
transform = Transform( 0.768049, 0, 0.640391, 0, 1, 0, -0.640391, 0, 0.768049, -0.440129, -5.96046e-08, -0.597786 )

[node name="Can3" parent="." instance=ExtResource( 1 )]
transform = Transform( 0.103504, 0, 0.994629, 0, 1, 0, -0.994629, 0, 0.103504, -0.00157976, -5.96046e-08, 0.416196 )

[node name="Can2" parent="." instance=ExtResource( 2 )]
transform = Transform( 0.435655, 0, -0.900114, 0, 1, 0, 0.900114, 0, 0.435655, 0.123568, 0, -0.0564674 )

[node name="Can4" parent="." instance=ExtResource( 2 )]
transform = Transform( 0.938872, 0, 0.344266, 0, 1, 0, -0.344266, 0, 0.938872, 0.390419, 0, 0.287823 )

[node name="Jar of Eyes" parent="." instance=ExtResource( 3 )]
transform = Transform( 1, 0, 0, 0, 1, 0, 0, 0, 1, -0.302734, 0, 0.258134 )

[node name="Manacle Closed" parent="." instance=ExtResource( 4 )]
transform = Transform( 1, 0, 0, 0, 1, 0, 0, 0, 1, 0.547629, 0, -0.449638 )

[node name="Spike Trap" parent="." instance=ExtResource( 5 )]
transform = Transform( 1, 0, 0, 0, 1, 0, 0, 0, 1, -0.642248, 0, -0.106559 )
